intrinsic:
  fx: 1185.1948867047138
  fy: 1185.9749785998722
  cx: 946.6520841917215
  cy: 524.8302637544551
  s: 0

distortion:
  k1: -0.04858117692753387
  k2: 0.047386259548648064
  p1: 0.0004420656093786921
  p2: 0.0005574344169103409
  k3: -0.08540306569217349

extrinsic:
  left:
    x: 11.157175906600596
    y: -0.005832983679604124
    z: -32.46565335009555
    rotation: [-0.8172804544269667, 0.01757258573581653, -0.5759721026596759, -0.02040450964423868,
      -0.9997906049748182, -0.001549900082415145, -0.5758787327188155, 0.010485725279859139,
      0.817467879960752]
  right:
    x: -11.989642995999874
    y: -0.12334714098788695
    z: -32.22573130442017
    rotation: [-0.7984991691953346, 0.0186186763186223, 0.6017079205781678, -0.018872581984339956,
      -0.999804535567028, 0.005892054721732929, 0.6017000103403727, -0.006650981261580994,
      0.7986944735032623]

refraction:
  n21: 1.3859
  h0: 0.0
  theta: 0.0
  phi: 0.0
