camera_matrix:
- - 96770.50439867015
  - 0.0
  - 876.2630918210446
- - 0.0
  - 96739.76019497824
  - 619.3553691558083
- - 0.0
  - 0.0
  - 1.0
dist_coeff:
- - 0.2992367760170185
  - 0.0005397856061352391
  - -2.7972869133703483e-07
  - -0.007714576160830756
  - 4.077709381498726e-08
